  (0, 15)	0.0
  (0, 16)	0.0
  (0, 21)	0.0
  (0, 192)	1.0
  (0, 402)	155.0
  (0, 403)	11.0
  (0, 433)	1.0
  (0, 525)	1.0
  (0, 590)	1.0
  (0, 1002)	1.0
  (0, 4714)	0.4079703904075641
  (0, 2703)	0.32161064027871555
  (0, 4920)	0.3480325994330106
  (0, 5463)	0.35836169210284635
  (0, 6559)	0.3282488576335191
  (0, 1937)	0.2916125219445471
  (0, 5735)	0.27778162231741454
  (0, 6534)	0.27482733200988235
  (0, 5754)	0.2680593307321234
  (0, 3757)	0.13999083629583495
  (0, 6898)	0.15365077473621802
  (0, 1405)	0.14155315874033103
  (0, 25298)	0.10628417753884128
  (0, 20419)	0.21568233730445505
  (0, 23540)	0.11262011202871877
  :	:
  (0, 25491)	0.0817172904155159
  (0, 18834)	0.03586601193399462
  (0, 10388)	0.04023294891573419
  (0, 24842)	0.03757118445554037
  (0, 11247)	0.05585397881495689
  (0, 10824)	0.036899222785137735
  (0, 25401)	0.06055981929542026
  (0, 15097)	0.09125721559825814
  (0, 19783)	0.10543813026174194
  (0, 22492)	0.06876005093920752
  (0, 22635)	0.07486838313082245
  (0, 24032)	0.028497670887591118
  (0, 24402)	0.06415448927843344
  (0, 16720)	0.1326903553236933
  (0, 11705)	0.1332723946093103
  (0, 17243)	0.03137226296322845
  (0, 23988)	0.033451291995871754
  (0, 25274)	0.035871951295151985
  (0, 17193)	0.16137236599735955
  (0, 16604)	0.042493592873479466
  (0, 19800)	0.09785469787436736
  (0, 19715)	0.02904291360687321
  (0, 23990)	0.17170807686268247
  (0, 24174)	0.13912972704609441
  (0, 11238)	0.06621561047917593